L0 = 0.15; %base %lenght link
L1 = 0.4;
L2 = 0.3;
L3 = 0.24;

d0 = 0.15;
a1 = 0.4;
d2= 0.3;
a3 = 0.24;

%mass link
m1 = 0.3;
m2 = 0.2;
m3 = 0.1;

%size
ra0 = 0.025; %base
ra1 = 0.02;
s2 = 0.3;
ra3 = 0.02;

piM = pi/2;

%gravity
g=-9.81;


